-971.39941
-793.46973
-979.81489
-363.35013
-595.33990
-287.54688
-332.49642
-354.53251
-496.08689
-680.53225
-857.05641
-450.36235
-456.66752
-573.32553
-486.78239
-660.60389
-740.23956
-650.73412
-442.35464
-552.18225
-830.79694
-787.26159
-286.65215
-364.25610
-818.82602
-979.98832
-448.55077
-199.61300
-672.98438
-353.09847
-324.60049
-892.19245
-536.17074
-681.72586
-800.37955
-183.64497
-669.55897
-700.82440
-113.95364
-130.00977
-871.18749
-362.26289
-822.29709
-843.46833
-547.03184
-886.28143
-205.68826
-957.60091
-564.22207
-222.47304
-691.99484
-138.34569
-546.79958
-856.82766
-230.51530
-410.44106
-141.53617
-341.15234
-304.21665
-870.03903
-708.81798
-919.52005
-772.77315
-377.26961
-513.63362
-170.63347
-400.84226
-411.06018
-553.25548
-991.42989
-161.62551
-130.83735
-807.65846
-954.13426
-683.92681
-470.55329
-902.75493
-661.88330
-693.03140
-556.17107
-608.88284
-392.90849
-242.07706
-394.31999
-205.55531
-322.78706
-499.26048
-604.81941
-754.65866
-448.66583
-409.64559
-949.18402
-729.47891
-508.46304
-207.38227
-357.67702
-843.91506
-345.52943
-650.47655
-509.05539
-706.95449
-617.07327
-212.16315
-332.72555
-949.39036
-937.56304
-360.39306
-572.34350
-161.01005
-233.64459
-617.03180
-645.27722
-354.85608
-997.27107
-260.11965
-881.55611
-967.23673
-284.37315
-774.88476
-708.64844
-504.50922
-744.13720
-215.52517
-487.14962
-910.03789
-122.72143
-625.16856
-967.83086
-361.14633
-161.52219
-763.67198
-538.96608
-138.69024
-283.93296
-896.09401
-226.27530
-886.29003
-589.53954
-302.48573
-499.58177
-766.35517
-821.01897
-484.05820
-342.79570
-767.70755
-544.46543
-704.88720
-443.13129
-342.38982
-711.37139
-107.52432
-233.86614
-863.14213
-550.58544
-942.60477
-373.82985
-515.52678
-830.25954
-958.00476
-613.82805
-885.46562
-899.66705
-270.84967
-947.14816
-985.78202
-997.99346
-482.07879
-204.92131
-415.26104
-399.47810
-610.80306
-283.46272
-408.22828
-885.81791
-533.55626
-800.70518
-682.60018
-873.31476
-619.55062
-362.05930
-556.75658
-549.38920
-257.10321
-100.41108
-668.04532
-818.83213
-233.80840
-934.19657
-330.43023
-202.20272
-672.99453
-584.97569
-528.55211
-649.04776
-949.35242
-756.39748
-565.37740
-510.57831
-918.58148
-729.44096
-773.46765
-386.17745
-626.50858
-803.04161
-778.52952
-859.50450
-803.16970
-488.32122
-834.90919
-234.78179
-656.70380
-540.44483
-766.66714
-471.32549
-909.04469
-171.40876
-996.33934
-831.10629
-523.45584
-617.64549
-249.62644
-693.51459
-604.51202
-922.22559
-539.75057
-272.70624
-327.10003
-723.69872
-151.80642
-312.86414
-836.90300
-899.98047
-538.86659
-903.54670
-262.02277
-213.08215
-672.92458
-493.63981
-562.05650
-638.61190
-420.49621
-446.36231
-118.94825
-418.76697
-844.24759
-288.71621
-669.81018
-478.72413
-643.07070
-575.39867
-188.78086
-590.28515
-721.21008
-723.14527
-244.35751
-511.53028
-472.55526
-344.49704
-135.23063
-935.92511
-501.02613
-319.57314
-254.96068
-530.33431
-626.30207
-860.66209
-935.40108
-298.23432
-518.92117
-347.02295
-413.49672
-859.56416
-247.79253
-706.40174
-200.30466
-397.67669
-216.37940
-292.85950
-780.60233
-837.34993
-692.06882
-540.09325
-428.20443
-210.26866
-502.73933
-282.89907
-993.73929
-751.97027
-578.32870
-652.80054
-478.85403
-188.45720
-693.25428
-885.40781
-334.49259
-318.19996
-302.27522
-484.36635
-690.03244
-826.42095
-678.57334
-972.44204
-689.49575
-834.21132
-473.28710
-886.06333
-846.43372
-464.12609
-792.24055
-512.22946
-528.46739
-544.27002
-630.02664
-515.88827
-114.57355
-966.53915
-136.83660
-241.05825
-484.44932
-592.78250
-607.50889
-242.86658
-594.21822
-286.77001
-706.89136
-716.27597
-162.70931
-355.90068
-678.01678
-738.20443
-949.77681
-523.71123
-994.28300
-712.46911
-191.49043
-916.25947
-175.99001
-180.04210
-369.19602
-748.91397
-514.48700
-696.80550
-377.06512
-853.84714
-569.48940
-705.59985
-171.88508
-135.32349
-744.64706
-907.04676
-285.44082
-187.73923
-827.43912
-877.07699
-591.91174
-341.38449
-421.98535
-787.03590
-444.72484
-899.13295
-679.88949
-371.24315
-370.66981
-881.71779
-914.39650
-646.05064
-735.46081
-357.66488
-678.13503
-779.24143
-686.24043
-917.92220
-614.22857
-238.87280
-624.38958
-684.95441
-549.38093
-101.07307
-919.12836
-733.93577
-814.11390
-341.77969
-686.97478
-504.45311
-815.49098
-528.55612
-279.01055
-477.43640
-275.35390
-624.77168
-554.34815
-950.77276
-637.85689
-121.36904
-247.14703
-597.87803
-635.13452
-570.10285
-207.96605
-440.16496
-492.49938
-739.11073
-902.61027
-560.40143
-434.00744
-302.56665
-942.57420
-368.78974
-709.60930
-655.82291
-551.89722
-891.37472
-455.76709
-875.41391
-870.58467
-497.87414
-527.11045
-722.97960
-281.36510
-224.83533
-257.79365
-283.23951
-882.56519
-188.17267
-639.08847
-308.50431
-592.74911
-791.43080
-259.34586
-960.51263
-362.50380
-274.04532
-226.43666
-220.00838
-684.00507
-278.36741
-704.30245
-378.06755
-926.28719
-278.02012
-610.91056
-798.93242
-388.74154
-421.24962
-534.72788
-830.24843
-806.73371
-555.34924
-767.82503
-206.20651
-885.87052
-407.44326
-219.30942
-244.02096
-883.75361
-804.68388
-747.42596
-368.10781
-409.88929
-104.98665
-409.77213
-239.73053
-708.70241
-883.70744
-126.00933
-992.73199
-768.46020
-641.39972
-158.11852
-167.25464
-840.56368
-503.91878
-442.61698
-983.26872
-865.51343
-875.47577
-213.88634
-902.50954
-106.68750
-361.59446
-942.07431
-816.24146
-830.25975
-595.45519
-344.79080
-126.83814
-367.53148
-242.95691
-345.40109
-882.25008
-490.62207
-968.09818
-414.08165
-964.64953
-889.61190
-106.50665
-892.23830
-660.14720
-669.50247
-230.40570
-564.22232
-995.51824
-425.38549
-682.98840
-716.35535
-438.59607
-257.76861
-717.34385
-994.24173
-738.00213
-287.08685
-915.37607
-281.29775
-586.47310
-637.49903
-549.47693
-841.10087
-439.41422
-963.22725
-260.06940
-646.19498
-600.71490
-239.23259
-866.64148
-364.37871
-632.72450
-206.81273
-130.74190
-361.23863
-720.01018
-356.55689
-589.91466
-544.87442
-815.51444
-765.81162
-233.92742
-723.54905
-358.97962
-128.55500
-633.81368
-767.66105
-314.16272
-618.59712
-262.19731
-737.26935
-292.89030
-449.24641
-807.28277
-872.94326
-469.90289
-126.60512
-291.21363
-409.90637
-268.09546
-545.34056
-479.99249
-730.50818
-487.14454
-571.67491
-922.93433
-393.72151
-881.53429
-379.23888
-168.56653
-682.61794
-928.27424
-557.52492
-281.37475
-933.88988
-524.52729
-231.85520
-568.89804
-377.74128
-670.69496
-898.29182
-734.94878
-703.00639
-504.76324
-642.67070
-544.87797
-437.28676
-233.28906
-731.40870
-902.75391
-234.58539
-454.84438
-242.36524
-415.27368
-802.69257
-949.77551
-688.89952
-755.13928
-365.64681
-439.57573
-590.72720
-186.59856
-249.16673
-786.52992
-407.64345
-187.86947
-189.76407
-649.27543
-331.29077
-981.66846
-569.42107
-610.82079
-217.56800
-463.97539
-650.93213
-295.31660
-218.05822
-113.78578
-883.60530
-668.72523
-127.90935
-414.96135
-725.14070
-201.15149
-514.42656
-637.53244
-539.91671
-956.53589
-395.78620
-382.94263
-300.25746
-571.83154
-379.39122
-590.39124
-190.44854
-787.72392
-629.87267
-879.95577
-359.80374
-794.14803
-180.79586
-599.85581
-798.21044
-257.16437
-103.80995
-750.90644
-204.79279
-814.91577
-595.10532
-151.28289
-396.07710
-898.62218
-637.75101
-455.20875
-956.09819
-685.83297
-771.58505
-991.24013
-845.01223
-103.71125
-738.08102
-816.68487
-856.94846
-928.76213
-285.57844
-358.21419
-445.76049
-661.30328
-936.33090
-871.92707
-446.37667
-124.63167
-785.53130
-608.57532
-904.90354
-529.45135
-199.16229
-837.46032
-616.76387
-578.93756
-875.91442
-429.41606
-225.35963
-859.71407
-344.07288
-333.05396
-164.50300
-816.02938
-216.97400
-785.71749
-561.79121
-313.13948
-233.89343
-904.88019
-899.68534
-988.51859
-817.50334
-594.33024
-943.20684
-230.14632
-744.33213
-142.50834
-513.76355
-562.19305
-810.02461
-390.38356
-712.53071
-254.21091
-550.62611
-719.99041
-778.65161
-634.27807
-133.03393
-205.50194
-126.21175
-611.04564
-755.84398
-759.10712
-199.33749
-239.41247
-822.59448
-745.88569
-537.78112
-619.48564
-336.73514
-309.10752
-630.63811
-490.45191
-904.36268
-171.43932
-890.52029
-611.39072
-302.31690
-931.39116
-751.75290
-232.79130
-719.11480
-184.05213
-876.07609
-187.35492
-760.17848
-281.30408
-181.43120
-234.86604
-193.32756
-444.46597
-757.15661
-565.93551
-912.22605
-886.03810
-844.08740
-788.54749
-749.05511
-686.15959
-394.52746
-714.02279
-749.09662
-662.13853
-411.83828
-837.44157
-414.48525
-673.54875
-192.49047
-828.63559
-561.47373
-945.43215
-366.09563
-378.30694
-542.38394
-192.76108
-355.57753
-349.62746
-193.62703
-739.31067
-815.79083
-439.90448
-620.65491
-886.48548
-202.31449
-212.15108
-462.46365
-178.99671
-916.58056
-660.98947
-468.89602
-151.28221
-956.27694
-273.42974
-963.17166
-121.58910
-713.96058
-720.38165
-570.48979
-230.67575
-611.75851
-636.54845
-377.89415
-667.57707
-297.06310
-691.23426
-103.62978
-643.90430
-316.60217
-562.74919
-738.47286
-600.53494
-129.17375
-367.03910
-709.38737
-781.95756
-696.74830
-419.34987
-930.53799
-495.11385
-644.98519
-824.63830
-591.62494
-320.27999
-696.66478
-246.03774
-317.67601
-252.41137
-103.84095
-221.31171
-930.28091
-552.84128
-873.85597
-415.64141
-329.50740
-133.53576
-194.64067
-165.64724
-332.46167
-837.82178
-674.30998
-593.22209
-735.54047
-573.53420
-303.54818
-377.65448
-416.24555
-207.85213
-280.16394
-350.50351
-316.76588
-820.61510
-307.49174
-847.26064
-779.71489
-460.21506
-618.31618
-111.40553
-578.75184
-980.71246
-525.57061
-696.60756
-901.55410
-636.31999
-255.82326
-822.13465
-225.96202
-437.37405
-347.94302
-181.35641
-388.16665
-508.91022
-468.08991
-185.28056
-423.61565
-695.83457
-761.62491
-787.20348
-142.00557
-788.63740
-788.64602
-763.02423
-752.35508
-838.12045
-964.65684
-513.01095
-529.80024
-835.23127
-876.40391
-500.81913
-952.17707
-849.39091
-767.13465
-682.88922
-825.21481
-337.95042
-961.55301
-654.59661
-336.94706
-685.36331
-519.17424
-952.32510
-994.09468
-495.36643
-316.87738
-702.82867
-588.93230
-384.76434
-322.60641
-800.45674
-759.88304
-660.11987
-331.24986
-522.20360
-590.98868
-850.18608
-894.14793
-693.08498
-116.29589
-719.96532
-252.52414
-255.44743
-586.34794
-689.22473
-600.21473
-196.96724
-146.43794
-108.56359
-890.78862
-126.11808
-801.95909
-549.17957
-419.88066
-826.13225
-442.72200
-386.93609
-893.86492
-160.28314
-469.98818
-588.05917
-620.17833
-842.93203
-800.30299
-595.11689
-269.03854
-151.98150
-770.75299
-515.45415
-344.82055
-624.38821
-810.30444
-172.81213
-651.65212
-103.70904
-425.50572
-599.05010
-475.04941
-891.08261
-662.29217
-623.64083
-201.76553
-429.86782
-114.21977
-736.56888
-208.90575
-406.14840
-178.82969
-317.71693
-646.72828
-878.01045
-560.66418
-612.33015
-890.09293
-889.78248
-366.88482
-225.38642
-754.98794
-910.34653
-938.50710
-542.66146
-289.80664
-224.01181
-736.81807
-120.24099
-656.44051
-710.91964
-685.07533
-270.99619
-836.61686
-751.87912
-193.21598
-781.61294
-195.83504
-614.80050
-536.86053
-700.94416
-568.85415
-526.02443
-924.27051
-568.06314
-904.09577
-348.57031
-115.32824
-842.23603
-788.64925
-158.20993
-765.36414
-305.72706
-473.86552
-460.50285
-307.55289
-133.91086
-107.21836
-171.50305
-686.96684
-262.73582
-524.66571
-654.78647
-713.63325
-993.56121
-134.69977
-733.85204
-668.51199
-168.18641
-131.00021
-799.23987
-925.07815
-421.72293
-437.48060
-941.98722
-719.71905
-556.86616
-601.50694
-283.92043
-919.14472
-748.64202
-822.91035
-981.65623
-877.33399
-470.46793
-139.45177
-536.75471
-658.06737
-728.33844
-663.49268
-292.85246
-775.62687
-639.90533
-793.40249
-734.76167
-903.54630
-402.34200
-333.51591
-904.69035
-759.69313
-797.24419
-150.60229
-989.31183
-211.94521
-649.05178
-995.93116
-872.62811
-328.52591
-949.28854
-368.98237
-935.29273
-426.47032
-151.58698
-397.94022
-263.08826
-906.57531
-771.97165
-309.73073
-437.92573
-112.56627
-903.77977
-741.62664
-938.70032
-895.91116
-555.17890
-508.15276
-774.59506
-542.55125
-765.44151
-878.02304
-321.49886
-362.51324
-939.71853
-114.56455
-148.69746
-604.66258
-390.37824
-935.34777
-255.19290
-522.00270
-832.32850
-193.03002
-611.37546
-773.16225
-775.14053
-236.72135
-911.20215
-227.84582
-518.31817
-703.77142
-668.42589
-923.45061
-470.08924
-214.83991
-647.53925
-431.40458
-240.61607
-480.76076
-329.33197
-565.06866
-814.22711
-520.52261
-764.38511
-424.86372
-513.32266
-716.51066
-307.99490
-678.18213
-857.07722
-810.86644
-949.99900
-250.16977
-184.50440
-430.28715
-428.77481
-372.70124
-871.78457
-329.81697
-719.94218
-162.92421
-140.37036
-558.66611
-684.14158
-928.42790
-303.06127
-722.02124
-520.36997
-903.73867
-877.68879
-314.76693
-168.63756
-270.59417
-167.88521
-885.13729
-406.05654