100 100 708
61 1 1
67 1 -1
62 2 1
68 2 -1
63 3 1
69 3 -1
4 4 -3.07778
5 4 -500.49
6 4 2.02608
10 4 3.07778
11 4 -2.30915
12 4 -2.02608
64 4 1
70 4 1
71 4 5.64722
72 4 9.72554
4 5 500.49
5 5 -3.07778
6 5 1.13515
10 5 5.32319
11 5 3.07778
12 5 -1.13515
65 5 1
70 5 5.64722
71 5 -1
72 5 -2.25864
4 6 -5.70415
5 6 -2.34701
6 6 -1.19873
10 6 1.4433
11 6 -3.50778
12 6 1.19873
66 6 1
70 6 -5.96727
71 6 1.13971
72 6 -1
67 7 1
73 7 -1
76 7 -0.000520833
80 7 -1
83 7 -0.000520833
87 7 -1
90 7 -0.000520833
94 7 -1
97 7 -0.000520833
68 8 1
74 8 -1
77 8 -0.000520833
81 8 -1
84 8 -0.000520833
88 8 -1
91 8 -0.000520833
95 8 -1
98 8 -0.000520833
69 9 1
75 9 -1
78 9 -0.000520833
82 9 -1
85 9 -0.000520833
89 9 -1
92 9 -0.000520833
96 9 -1
99 9 -0.000520833
4 10 3.07778
5 10 5.32319
6 10 1.4433
10 10 40000
11 10 500.083
12 10 1.02339
22 10 -10000
23 10 0.0922132
24 10 -2.69491
34 10 -10000
35 10 0.0922132
36 10 2.6651
46 10 -10000
47 10 0.0922132
48 10 1.67152
58 10 -10000
59 10 0.0922132
60 10 -2.6651
70 10 -1
71 10 -5.64722
72 10 -9.72554
74 10 1.51908
75 10 -5.64722
77 10 -0.000520833
78 10 -0.000520863
81 10 4.51245
82 10 1
84 10 -0.000520833
85 10 .000520804
88 10 -1.51908
89 10 5.64722
91 10 -0.000520833
92 10 .000520863
95 10 -4.51245
96 10 -1
98 10 -0.000520833
99 10 -0.000520804
4 11 -2.30915
5 11 3.07778
6 11 -3.50778
10 11 -500.083
11 11 40000
12 11 6.36738
22 11 -0.0922132
23 11 -10000
24 11 2.6651
34 11 -0.0922132
35 11 -10000
36 11 3.26564
46 11 -0.0922132
47 11 -10000
48 11 -2.6651
58 11 -0.0922132
59 11 -10000
60 11 -3.26565
70 11 -5.64722
71 11 1
72 11 2.2586
73 11 -1.51908
75 11 1
76 11 0.000520833
78 11 0.000520804
80 11 -4.51245
82 11 5.64722
83 11 .000520833
85 11 .000520863
87 11 1.51908
89 11 -1
90 11 .000520833
92 11 -.000520804
94 11 4.51245
96 11 -5.64722
97 11 .000520833
99 11 -.000520863
4 12 -2.02608
5 12 -1.13515
6 12 1.19873
10 12 1.65087
11 12 4.41863
12 12 40000
22 12 2.69491
23 12 -2.6651
24 12 -10000
34 12 -2.6651
35 12 -3.26564
36 12 -10000
46 12 -1.67152
47 12 2.6651
48 12 -10000
58 12 2.6651
59 12 3.26565
60 12 -10000
70 12 5.96727
71 12 -1.13971
72 12 1
73 12 5.64722
74 12 -1
76 12 0.000520863
77 12 -0.000520804
80 12 -1
81 12 -5.64722
83 12 -0.000520804
84 12 -0.000520863
87 12 -5.64722
88 12 1
90 12 -0.000520863
91 12 0.000520804
94 12 1
95 12 5.64722
97 12 0.000520804
98 12 0.000520863
13 13 30
17 13 1.00217
18 13 0.000269005
23 13 -3.7787
24 13 0.268325
73 13 1
76 13 0.000520833
14 14 30
16 14 -1.00217
18 14 67.5
22 14 3.7787
24 14 1.49464
74 14 1
77 14 0.000520833
15 15 30
16 15 -0.000269005
17 15 -67.5
22 15 -0.268325
23 15 -1.49464e-5
75 15 1
78 15 0.000520833
10 16 -10000
11 16 0.0460837
12 16 9.72554
14 16 -1.18479
15 16 -0.000269313
16 16 1
17 16 0.000803955
18 16 -3.53952
22 16 10000
23 16 -.0460837
24 16 -2.95638
77 16 9.45974
78 16 .000520833
10 17 -.0460837
11 17 -10000
12 17 -2.14466
13 17 1.18479
15 17 -67.5
16 17 .00111317
17 17 202.5
18 17 2.66512
22 17 .0460837
23 17 10000
24 17 -5.12399
76 17 -9.45974
78 17 -2.07566
10 18 -9.72554e
11 18 2.14466
12 18 -10000
13 18 .000269313
14 18 67.5
16 18 -2.4438
17 18 -2.66509
18 18 202.5
22 18 1.08934
23 18 2.73343
24 18 10000
76 18 -.00052083
77 18 2.07566
13 19 -.000520833
19 19 1
23 19 -3.45633
24 19 -4.60837
14 20 -.000520833
20 20 1
22 20 3.45633
24 20 -2.46468
15 21 -.000520833
21 21 1
22 21 4.60837
23 21 2.46468
16 22 -.000520833
22 22 1
17 23 -.000520833
23 23 1
18 24 -.000520833
24 24 1
25 25 30
29 25 1.16081
30 25 67.5
35 25 -4.60979
36 25 1.49465
80 25 1
83 25 .000520833
26 26 30
28 26 -1.16081
30 26 -.000269005
34 26 4.60979
36 26 -.268325
81 26 1
84 26 .000520833
27 27 30
28 27 -67.5
29 27 .000269005
34 27 -1.49465
35 27 .268325
82 27 1
85 27 .000520833
10 28 -10000
11 28 .0460837
12 28 9.72554
26 28 -1.38196e
27 28 -67.5
28 28 202.5
29 28 -.00111317
30 28 2.66513
34 28 10000
35 28 -.0460837
36 28 -1.69942
84 28 9.45974
85 28 -2.07566
10 29 -.0460837
11 29 -10000
12 29 -2.14466
25 29 1.38196
27 29 .000269313
28 29 -.000803955
29 29 1
30 29 4.12868
34 29 .0460837
35 29 10000
36 29 2.95631
83 29 -9.45974
85 29 -.000520833
10 30 -9.72554
11 30 2.14466
12 30 -10000
25 30 67.5
26 30 -.000269313
28 30 -2.66509
29 30 2.80181
30 30 202.5
34 30 2.73343
35 30 -1.08934
36 30 10000
83 30 2.07566
84 30 .000520833
25 31 -.000520833
31 31 1
35 31 1.7821
36 31 -2.46468
26 32 -.000520833
32 32 1
34 32 -1.7821
36 32 4.60837
27 33 -.000520833
33 33 1
34 33 2.46468
35 33 -4.60837
28 34 -.000520833
34 34 1
29 35 -.000520833
35 35 1
30 36 -.000520833
36 36 1
37 37 30
41 37 5.52978
42 37 -.000269005
47 37 -2.3983
48 37 -.268325
87 37 1
90 37 .000520833
38 38 30
40 38 -5.52978
42 38 -67.5
46 38 2.3983
48 38 -1.49465
88 38 1
91 38 .000520833
39 39 30
40 39 .000269005
41 39 67.5
46 39 .268325
47 39 1.49465
89 39 1
92 39 .000520833
10 40 -10000
11 40 .0460837
12 40 9.72554
38 40 -6.66522
39 40 .000269313
40 40 1
41 40 .000803955
42 40 1.99136
46 40 10000
47 40 -.0460837
48 40 2.95619
91 40 9.4597
92 40 -.000520833
10 41 -.0460837
11 41 -10000
12 41 -2.14466
37 41 6.66522
39 41 67.5
40 41 .00111317
41 41 202.5
42 41 -2.66511
46 41 .0460837
47 41 10000
48 41 9.41332
90 41 -9.45974
92 41 2.07566
10 42 -9.72554
11 42 2.14466
12 42 -10000
37 42 -.000269313
38 42 -67.5
40 42 1.31012
41 42 2.6651
42 42 202.5
46 42 -1.08934
47 42 -2.7334
48 42 10000
90 42 .000520833
91 42 -2.07566
37 43 -.000520833
43 43 1
47 43 -1.25272
48 43 4.60837
38 44 -.000520833
44 44 1
46 44 1.2527
48 44 2.46468
39 45 -.000520833
45 45 1
46 45 -4.60837
47 45 -2.46468
40 46 -.000520833
46 46 1
41 47 -.000520833
47 47 1
42 48 -.000520833
48 48 1
49 49 30
53 49 1.16082
54 49 -67.5
59 49 -4.6098
60 49 -1.49465
94 49 1
97 49 .000520833
50 50 30
52 50 -1.16082
54 50 .00026900
58 50 4.6098
60 50 .268325
95 50 1
98 50 .000520833
51 51 30
52 51 67.5
53 51 -.000269005
58 51 1.49465
59 51 -.268325
96 51 1
99 51 .000520833
10 52 -10000
11 52 .0460837
12 52 9.72554
50 52 -1.38197
51 52 67.5
52 52 202.5
53 52 -.00111317
54 52 -2.66513
58 52 10000
59 52 -.0460837
60 52 -2.45688
98 52 9.45974
99 52 2.07566
10 53 -.0460837
11 53 -10000
12 53 -2.14466
49 53 1.38197
51 53 -.000269313
52 53 -.000803955
53 53 1
54 53 -4.12869
58 53 .0460837
59 53 10000
60 53 -2.95626e
97 53 -9.45974e
99 53 .000520833
10 54 -9.72554e
11 54 2.14466e
12 54 -10000
49 54 -67.5
50 54 .000269313
52 54 2.66509
53 54 -2.80182
54 54 202.5
58 54 -2.73343
59 54 1.08934
60 54 10000
97 54 -2.07566
98 54 -.000520833
49 55 -.000520833
55 55 1
59 55 -4.41959
60 55 2.46468
50 56 -.000520833
56 56 1
58 56 4.41959
60 56 -4.60837
51 57 -.000520833
57 57 1
58 57 -2.46468e
59 57 4.60837
52 58 -.000520833
58 58 1
53 59 -.000520833
59 59 1
54 60 -.000520833
60 60 1
1 61 -1
2 62 -1
3 63 -1
4 64 -1
5 65 -1
6 66 -1
1 67 1
7 67 -1
2 68 1
8 68 -1
3 69 1
9 69 -1
4 70 1
5 70 5.64722
6 70 -5.96727
10 70 -1
11 70 -5.6472
12 70 5.96727
4 71 -5.64722
5 71 0
6 71 -1.13971
10 71 5.64722
11 71 -1
12 71 1.13971
4 72 -4.68942
5 72 1.13971
6 72 1
10 72 4.68942
11 72 -1.13971
12 72 -1
7 73 1
11 73 1.51908e-27
12 73 -5.64722e-5
19 73 -1
8 74 1
10 74 -1.51908e-27
12 74 1
20 74 -1
9 75 1
10 75 5.64722e-5
11 75 -1
21 75 -1
7 76 -.00524818
11 76 .00524818
12 76 .00524848
19 76 .00524818
23 76 -9.53211
24 76 -.00524818
76 76 -1
79 76 5.95468
8 77 -.00524818
10 77 -.00524818
12 77 -.00524788
20 77 .00524818
22 77 9.53211
24 77 2.09153
77 77 -1
79 77 1.46409
9 78 -.00524818
10 78 -.00524848
11 78 .00524788
21 78 .00524818
22 78 .00524818
23 78 -2.09153
78 78 -1
79 78 1
7 79 -5.95468
8 79 -1.46409
9 79 -1
10 79 -1.00006
11 79 1
12 79 5.95487
19 79 5.95468
20 79 1.46409
21 79 1
22 79 1
23 79 -3.98526
24 79 -5.95468
7 80 1
11 80 4.51245
12 80 1
31 80 -1
8 81 1
10 81 -4.51245
12 81 5.64722
32 81 -1
9 82 1
10 82 -1
11 82 -5.64722
33 82 -1
7 83 -.00524818
11 83 .00524818
12 83 -.00524788
31 83 .00524818
35 83 -9.53211
36 83 2.09153
83 83 -1
86 83 1.46409
8 84 -.00524818
10 84 -.00524818
12 84 -.00524848
32 84 .0052481
34 84 9.53211
36 84 .00524818
84 84 -1
86 84 -5.95468
9 85 -.00524818
10 85 .00524788
11 85 .00524848
33 85 .00524818
34 85 -2.09153
35 85 -.00524818
85 85 -1
86 85 1
7 86 -1.46409
8 86 5.95468e-5
9 86 -1
10 86 1
11 86 1.00006
12 86 5.95487
31 86 1.464
32 86 -5.95468
33 86 1
34 86 -3.98526
35 86 -1
36 86 -5.95468
7 87 1
11 87 -1.51908
12 87 5.64722
43 87 -1
8 88 1
10 88 1.51908
12 88 -1
44 88 -1
9 89 1
10 89 -5.64722
11 89 1
45 89 -1
7 90 -.00524818
11 90 .00524818
12 90 -.00524848
43 90 .00524818
47 90 -9.53211
48 90 .00524818
90 90 -1
93 90 -5.95468
8 91 -.00524818
10 91 -.00524818
12 91 .00524788
44 91 .00524818
46 91 9.53211
48 91 -2.09153
91 91 -1
93 91 -1.46409
9 92 -.00524818
10 92 .00524848
11 92 -.00524788
45 92 .00524818
46 92 -.00524818
47 92 2.09153e-8
92 92 -1
93 92 1
7 93 5.95468
8 93 1.46409
9 93 -1
10 93 1.00006
11 93 -1
12 93 5.95487
43 93 -5.95468
44 93 -1.46409
45 93 1
46 93 -2
47 93 3.98526
48 93 -5.95468
7 94 1
11 94 -4.51245
12 94 -1
55 94 -1
8 95 1
10 95 4.51245
12 95 -5.64722
56 95 -1
9 96 1
10 96 1
11 96 5.64722
57 96 -1
7 97 -.00524818
11 97 .00524818
12 97 .00524788
55 97 .00524818
59 97 -9.53211
60 97 -2.0915
97 97 -1
100 97 -1.46409
8 98 -.00524818
10 98 -.00524818
12 98 .00524848
56 98 .00524818
58 98 9.53211
60 98 -.00524818
98 98 -1
100 98 5.95468
9 99 -.00524818
10 99 -.00524788
11 99 -.00524848
57 99 .00524818
58 99 2.09153
59 99 .00524818
99 99 -1
100 99 1
7 100 1.46409
8 100 -5.95468
9 100 -1
10 100 -1
11 100 -1.00006
12 100 5.95487
55 100 -1.46409
56 100 5.95468
57 100 1
58 100 3.98526
59 100 1
60 100 -5.95468
